% # columns="iteration, evaluation, min max(neg(.)) min(pos(.)) max correlation, correlation matrix principal axes lengths  (sorted square roots of eigenvalues of correlation matrix)", seed=1002365, Thu May 22 21:18:51 2025
1 7 -0.16084193880233472 -0.13996543194079053 0.041383300275509516 0.08095637081939866 0.9160263761545869 0.9708995919490976 1.1037434758775118
2 14 -0.11672376875931958 -0.10399826145359889 -0.0423981687796078 -0.03459031186066482 0.9160263761545869 0.9708995919490976 1.1037434758775118
3 21 -0.12413074728811825 -0.11468563486836562 0.006663333852079928 0.037667877672475814 0.9160263761545869 0.9708995919490976 1.1037434758775118
4 28 -0.1868157114583144 -0.14019035078618328 0.07127173423187788 0.0951337352324338 0.8890911803630144 0.9998729097479355 1.0998959211456774
5 35 -0.016618105086583415 -0.014357063380985911 0.10070882157654712 0.13680307485679397 0.8890911803630144 0.9998729097479355 1.0998959211456774
6 42 -0.128744820774298 -0.0895757873354915 0.15843999924924212 0.20194289467201348 0.8890911803630144 0.9998729097479355 1.0998959211456774
7 49 0.10787590905914307 0.11266761234373544 0.14986691886660067 0.15747498442296337 0.9165212679690443 0.9472579120579321 1.123695338338672
8 56 0.10528273193200077 0.12479858655870898 0.22089735436366414 0.23341442233860765 0.9165212679690443 0.9472579120579321 1.123695338338672
9 63 -0.0632211808022428 -0.06211253112992066 0.29046625848758123 0.40688387202109305 0.9165212679690443 0.9472579120579321 1.123695338338672
10 70 -0.04938120711434509 -0.048112752309873406 0.3263559264090348 0.4499103645108659 0.741660781005868 0.9952269341058297 1.2080822139027114
11 77 -0.2559606590423826 -0.17048005568950367 0.2551614797618896 0.31156138822614177 0.741660781005868 0.9952269341058297 1.2080822139027114
12 84 -0.2260368443683963 -0.15516151956501453 0.15612294176181216 0.18900910406737265 0.741660781005868 0.9952269341058297 1.2080822139027114
13 91 -0.24240223775708286 -0.21168955238727344 0.11588946604587556 0.19436978682044914 0.86039362531808 0.940438687279309 1.172730951659579
14 98 -0.17135089542957374 -0.15383565371301486 0.20216073723860217 0.3033109591725823 0.86039362531808 0.940438687279309 1.172730951659579
15 105 -0.235728326332099 -0.21506366358704926 0.2038228522110213 0.32278702806532844 0.86039362531808 0.940438687279309 1.172730951659579
16 112 -0.22370307789488894 -0.1976242093929068 0.20637459217275533 0.3149619908593273 0.8142401621997997 0.9426874857171916 1.203475493116932
17 119 -0.2933040226056534 -0.2538268750875303 0.1869984368486802 0.2944630599759606 0.8142401621997997 0.9426874857171916 1.203475493116932
18 126 -0.3044495270172629 -0.2720876823655022 0.09278830342224102 0.18205178736639469 0.8142401621997997 0.9426874857171916 1.203475493116932
19 133 -0.2860274349574212 -0.26281034993511504 0.01570557369576702 0.08532712988375486 0.8307910277167719 0.9599983109524343 1.1782145438050677
20 140 -0.1635740752956535 -0.1439643229454697 -0.027462413270808245 -0.008238195729438213 0.8307910277167719 0.9599983109524343 1.1782145438050677
21 147 -0.16029777695422537 -0.1578111662513092 -0.09377285000136637 -0.07491335528763492 0.8307910277167719 0.9599983109524343 1.1782145438050677
22 154 -0.1420347442512078 -0.12279146774233793 -0.06063604917441209 -0.059160852827306695 0.9033363777739121 1.0206847251931304 1.0687310608135856
23 161 -0.14142841854596633 -0.1372278232665991 0.04207603605609642 0.09764339388429437 0.9033363777739121 1.0206847251931304 1.0687310608135856
24 168 -0.2452929804442885 -0.22968587146713132 -0.05780432581466304 -0.016117586240997468 0.9033363777739121 1.0206847251931304 1.0687310608135856
25 175 -0.30444467091992006 -0.26300045985935516 0.1238130202193339 0.21130663585166534 0.8267102022602848 0.9343157272770933 1.2015008794176703
26 182 -0.31699911910597406 -0.30149275649232155 0.116278812266569 0.2400296392392133 0.8267102022602848 0.9343157272770933 1.2015008794176703
27 189 -0.3556345903869202 -0.31867210498683596 0.20774815400500776 0.3462590882688714 0.8267102022602848 0.9343157272770933 1.2015008794176703
28 196 -0.3219778859081036 -0.3177683347400321 0.033217056231819794 0.14600263538769892 0.789453170932565 0.924264954527257 1.2338954512993583
29 203 -0.2988400128972864 -0.2708838032155343 0.09460503335343334 0.1884784358613371 0.789453170932565 0.924264954527257 1.2338954512993583
30 210 -0.27650923775262237 -0.22903076998833005 0.18743682305627143 0.2787808863068463 0.789453170932565 0.924264954527257 1.2338954512993583
31 217 -0.15802639047255523 -0.0995461724606789 0.13238271833925003 0.15121213059401664 0.8602855165563598 1.0372065873286676 1.0881687944456857
32 224 -0.20594530575404663 -0.14125471635445871 0.06698447478466206 0.0717069490981144 0.8602855165563598 1.0372065873286676 1.0881687944456857
33 231 -0.21724180059601414 -0.16367755753200233 0.1455746360784211 0.19509445755121713 0.8602855165563598 1.0372065873286676 1.0881687944456857
34 238 -0.2487951340138779 -0.23566844707149792 0.12216154381890101 0.228311520506654 0.8628567010124042 0.89770031401323 1.2039985297908538
35 245 -0.2657772060969323 -0.22384254856002905 0.0674610117548392 0.12262754098955875 0.8628567010124042 0.89770031401323 1.2039985297908538
36 252 -0.25754377175801907 -0.22223565566614037 0.05647194043733181 0.11406635637994386 0.8628567010124042 0.89770031401323 1.2039985297908538
37 259 -0.2994095017640681 -0.2477907245326142 0.0818092074123057 0.14005707416249177 0.834445150138541 0.9649444659030595 1.1715730746024022
38 266 -0.2335917758371787 -0.16971549960131688 0.05036958734169793 0.0598550067535077 0.834445150138541 0.9649444659030595 1.1715730746024022
39 273 -0.1735845897670466 -0.09611016197860428 0.14983219596607109 0.1543385541591872 0.834445150138541 0.9649444659030595 1.1715730746024022
40 280 -0.09304471540052478 -0.053492909868828806 0.16146703275615945 0.1935685414327929 0.868985948032458 1.024168923611239 1.0935910744108723
41 287 -0.19815848672941783 -0.17180639986889976 0.11062648238742638 0.17841868961235033 0.868985948032458 1.024168923611239 1.0935910744108723
42 294 -0.20906390441630351 -0.14955131931040222 0.16138189211470602 0.20551371081717412 0.868985948032458 1.024168923611239 1.0935910744108723
43 301 -0.29075892286934574 -0.2271709258165856 -0.010215407759843937 -0.0014848987936901866 0.8407044527347536 1.0001830380905066 1.1370355814432558
44 308 -0.3614394876737096 -0.31277858371227923 0.007461275446235323 0.06554699120430986 0.8407044527347536 1.0001830380905066 1.1370355814432558
45 315 -0.40060764219449474 -0.33751783196881446 0.19070087507677522 0.30368396719962487 0.8407044527347536 1.0001830380905066 1.1370355814432558
46 322 -0.2614693317983563 -0.20518877676074057 0.16039229568344707 0.22597209812722724 0.8196849592062875 0.9818578843909141 1.1679347852129354
47 329 -0.07833134351130028 -0.07665864478170502 0.1794806153845302 0.26318767004368 0.8196849592062875 0.9818578843909141 1.1679347852129354
48 336 0.05399084321897164 0.05556083479298121 0.07463489656383818 0.07942292558011427 0.8196849592062875 0.9818578843909141 1.1679347852129354
49 343 0.015339355657067417 0.026217334643309855 0.08507096522676202 0.0938108631016703 0.9464229168385505 0.9930966155608284 1.0573754180254225
50 350 0.012319603699597923 0.03694757151489444 0.11662719585191962 0.1185591028156315 0.9464229168385505 0.9930966155608284 1.0573754180254225
51 357 -0.091976376616487 -0.026100091013065443 0.2480694448080859 0.27358300447838146 0.9464229168385505 0.9930966155608284 1.0573754180254225
52 364 -0.2111114668198952 -0.15175686994460313 0.13940762780967114 0.17710786351913718 0.843293696922141 1.0128667684953292 1.1238134409274596
53 371 -0.23950404617597423 -0.19110979873217573 0.011688196716391609 0.03089328108878221 0.843293696922141 1.0128667684953292 1.1238134409274596
54 378 -0.22541205957004506 -0.19559907020445186 0.023903066866985692 0.06725745652520501 0.843293696922141 1.0128667684953292 1.1238134409274596
55 385 -0.1538728846779348 -0.14798202627720872 -0.0679529965349078 -0.04716751168820026 0.8795685522979202 1.0229595479010314 1.0862379689398907
56 392 -0.2513925877899771 -0.24477756235151152 -0.09401002293102195 -0.050369201895991 0.8795685522979202 1.0229595479010314 1.0862379689398907
57 399 -0.27902921144571924 -0.2768161181735893 -0.14042279956045234 -0.09717145329486994 0.8795685522979202 1.0229595479010314 1.0862379689398907
58 406 -0.25870125569532754 -0.2515713039976564 -0.11825458451914721 -0.08094562972398192 0.7817231102060879 1.0393892657694082 1.1439313498514896
59 413 -0.38860426812502696 -0.3054962100518243 -0.04275003682789034 -0.03827603715978168 0.7817231102060879 1.0393892657694082 1.1439313498514896
60 420 -0.4037572409504285 -0.3131925556349827 -0.013069453932753123 -0.0035931053474557335 0.7817231102060879 1.0393892657694082 1.1439313498514896
61 427 -0.3670798343405967 -0.3057618822658669 0.016403559803984738 0.0624740884192055 0.7923879247363615 0.9814673304407784 1.186947031678101
62 434 -0.14522987633819723 -0.11502389177829847 0.19543910852440058 0.26872079073206817 0.7923879247363615 0.9814673304407784 1.186947031678101
63 441 -0.1506488380965321 -0.10918226642778635 0.15146152387676468 0.19687621564286925 0.7923879247363615 0.9814673304407784 1.186947031678101
64 448 -0.1081891088252524 -0.09900347193161717 0.12677487295467593 0.19284868435647173 0.8960017665129878 0.9700431089641586 1.1208020347754353
65 455 -0.1879418372879444 -0.11989583532834232 0.2369428321126838 0.28784305263342375 0.8960017665129878 0.9700431089641586 1.1208020347754353
66 462 -0.32118704970989725 -0.22454749346632527 0.22021387880283413 0.2718281133156486 0.8960017665129878 0.9700431089641586 1.1208020347754353
67 469 -0.3495859313392282 -0.24900829129735497 0.09610039120437026 0.11055897866307207 0.7845596945349417 1.0148385951106764 1.1638594037017649
68 476 -0.29164781831529424 -0.20185640866430105 0.14363381272280984 0.1690058102008536 0.7845596945349417 1.0148385951106764 1.1638594037017649
69 483 -0.2964704266915899 -0.22904519222256733 0.0731964242358874 0.10651839525301639 0.7845596945349417 1.0148385951106764 1.1638594037017649
70 490 -0.25162140619236284 -0.18720021557498379 0.0763233612411294 0.09974336289578807 0.8527659300702933 1.0020744338738825 1.1263379144322923
71 497 -0.2903831913894363 -0.27361946745122523 0.2644344314695468 0.4270220071715931 0.8527659300702933 1.0020744338738825 1.1263379144322923
72 504 -0.18026612872470127 -0.11231723681218891 0.11245408391307617 0.11942896557565218 0.8527659300702933 1.0020744338738825 1.1263379144322923
73 511 -0.37114525533293585 -0.26617664715726663 0.1187907191709146 0.14214456643797252 0.7644785086136859 1.0160111065564599 1.1761352138345795
74 518 -0.3464976895461928 -0.25714360040242484 0.16671634764868581 0.21864890785528804 0.7644785086136859 1.0160111065564599 1.1761352138345795
75 525 -0.4317393574169099 -0.397360242293131 0.15142355933356283 0.29997237808534855 0.7644785086136859 1.0160111065564599 1.1761352138345795
76 532 -0.3622135902910113 -0.3452460831260176 0.2249023623665578 0.3979843370324226 0.7658000755636889 0.8419137737165948 1.3056536454561491
77 539 -0.24033824607860416 -0.23253474811601263 0.14058907468188292 0.2571601843185899 0.7658000755636889 0.8419137737165948 1.3056536454561491
78 546 -0.22207086881145396 -0.17629635793803805 0.21140532726264938 0.2948647114561293 0.7658000755636889 0.8419137737165948 1.3056536454561491
79 553 -0.19023298322009452 -0.1430404831326925 0.12929232966675636 0.17287743384583726 0.862366586393076 0.9992715781091006 1.1215079954490301
80 560 -0.03884024966061428 -0.023245412313369997 0.03894761388831767 0.04408378527496928 0.862366586393076 0.9992715781091006 1.1215079954490301
81 567 -0.07548101304134129 -0.05885129323744299 0.10042906765029858 0.13689280147564745 0.862366586393076 0.9992715781091006 1.1215079954490301
82 574 -0.13166817665844682 -0.10795893932637153 0.06532267040818471 0.09937396965429482 0.9227129288621714 0.9822046176622126 1.0880601729470754
83 581 -0.0568724122326158 -0.05295055451907061 0.20567814869247159 0.28796585871610714 0.9227129288621714 0.9822046176622126 1.0880601729470754
84 588 0.0395413990639612 0.06437854734973647 0.2551474517319641 0.2938999382402647 0.9227129288621714 0.9822046176622126 1.0880601729470754
85 595 -0.005884349342238633 0.03733433215350586 0.21792427269623893 0.23490223804807212 0.8420164468276583 1.0027748408852577 1.1337772804917514
86 602 0.06126661069075865 0.09067138277882691 0.26177387390626944 0.2894032655273487 0.8420164468276583 1.0027748408852577 1.1337772804917514
87 609 0.10898152688220844 0.14315815506808832 0.43951636496598356 0.5041258067460688 0.8420164468276583 1.0027748408852577 1.1337772804917514
88 616 0.13849641609099814 0.14677233155636218 0.36426076719705835 0.42848099694525965 0.7550190148559714 0.9534458660313117 1.233242582687494
89 623 0.20126083283468513 0.21594788971717 0.43503676625671395 0.49337933488741037 0.7550190148559714 0.9534458660313117 1.233242582687494
90 630 0.09187803961586485 0.13080280517356282 0.44736604820450687 0.5139623636571236 0.7550190148559714 0.9534458660313117 1.233242582687494
91 637 -0.004416340388007255 0.06260615259100102 0.45878715318298974 0.5238249937346443 0.641696157365178 1.0017720223706679 1.2588402824894616
92 644 -0.12076530882084058 -0.004497073683401673 0.35467138447038105 0.3581259687175363 0.641696157365178 1.0017720223706679 1.2588402824894616
93 651 -0.19016282858385075 -0.058585849432082726 0.33684641955279027 0.3370801967293132 0.641696157365178 1.0017720223706679 1.2588402824894616
94 658 -0.43191720107863985 -0.2797125015040384 0.2754245505717803 0.3082655350224518 0.6137895990945396 1.0793016981235843 1.2076299816048424
94 658 -0.43191720107863985 -0.2797125015040384 0.2754245505717803 0.3082655350224518 0.6137895990945396 1.0793016981235843 1.2076299816048424
